Results for knnlowLevel.mfcc classifier


----------------------------------------------------
10-fold validation results

Fold no 1: 0.619946 accuracy.
Fold no 2: 0.614555 accuracy.
Fold no 3: 0.613208 accuracy.
Fold no 4: 0.586253 accuracy.
Fold no 5: 0.594340 accuracy.
Fold no 6: 0.647773 accuracy.
Fold no 7: 0.612686 accuracy.
Fold no 8: 0.593792 accuracy.
Fold no 9: 0.618084 accuracy.
Fold no 10: 0.597841 accuracy.
----------------------------------------------------

Classification report

              precision    recall  f1-score   support

          DA       0.17      0.20      0.18        10
          KI       0.48      0.61      0.54       147
          GE       0.62      0.65      0.63        92
          TA       0.66      0.73      0.69       240
          NA       0.68      0.62      0.65       115
         DIN       0.17      0.17      0.17         6
         KDA       0.60      0.43      0.50         7
         TIT       0.00      0.00      0.00         4
         DHA       0.89      0.78      0.83        69
         DHE       0.67      0.59      0.63        37
        DHET       0.50      0.50      0.50         4
         DHI       0.67      0.10      0.17        20
        DHIN       0.36      0.33      0.34        15
          RE       0.52      0.40      0.45        30
          TE       0.00      0.00      0.00         3
         TII       0.67      0.25      0.36         8
         TIN       0.80      0.44      0.57         9
         TRA       0.50      0.12      0.20         8

   micro avg       0.61      0.61      0.61       824
   macro avg       0.50      0.38      0.41       824
weighted avg       0.62      0.61      0.61       824

----------------------------------------------------
[[  2   2   0   4   2   0   0   0   0   0   0   0   0   0   0   0   0   0]
 [  1  89   6  39   8   0   0   0   0   1   0   0   2   1   0   0   0   0]
 [  1  13  60   7   5   1   1   0   0   1   0   0   3   0   0   0   0   0]
 [  3  48   2 175   9   0   0   0   1   0   1   0   0   1   0   0   0   0]
 [  2  13   9  14  71   0   1   0   3   0   0   0   1   0   0   0   0   1]
 [  1   0   2   0   0   1   0   0   1   0   0   0   0   0   0   1   0   0]
 [  0   2   0   2   0   0   3   0   0   0   0   0   0   0   0   0   0   0]
 [  0   0   0   4   0   0   0   0   0   0   0   0   0   0   0   0   0   0]
 [  1   0   4   1   8   1   0   0  54   0   0   0   0   0   0   0   0   0]
 [  0   3   1   3   0   0   0   0   0  22   0   0   0   8   0   0   0   0]
 [  0   0   1   0   0   1   0   0   0   0   2   0   0   0   0   0   0   0]
 [  1   3   7   2   0   0   0   0   1   0   1   2   3   0   0   0   0   0]
 [  0   1   3   1   1   2   0   0   1   0   0   1   5   0   0   0   0   0]
 [  0   7   0   2   0   0   0   0   0   8   0   0   0  12   1   0   0   0]
 [  0   0   0   2   0   0   0   0   0   1   0   0   0   0   0   0   0   0]
 [  0   3   1   1   0   0   0   0   0   0   0   0   0   0   0   2   1   0]
 [  0   1   1   2   1   0   0   0   0   0   0   0   0   0   0   0   4   0]
 [  0   0   0   6   0   0   0   0   0   0   0   0   0   1   0   0   0   1]]
