Results for knn--not-lowLevel.mfcc classifier


----------------------------------------------------
10-fold validation results

Fold no 1: 0.615903 accuracy.
Fold no 2: 0.597035 accuracy.
Fold no 3: 0.611860 accuracy.
Fold no 4: 0.630728 accuracy.
Fold no 5: 0.617251 accuracy.
Fold no 6: 0.620783 accuracy.
Fold no 7: 0.591093 accuracy.
Fold no 8: 0.608637 accuracy.
Fold no 9: 0.650472 accuracy.
Fold no 10: 0.619433 accuracy.
----------------------------------------------------

Classification report

              precision    recall  f1-score   support

          DA       0.44      0.27      0.33        15
          KI       0.50      0.61      0.55       155
          GE       0.67      0.66      0.67        89
          TA       0.67      0.76      0.71       234
          NA       0.73      0.53      0.61       137
         DIN       0.50      0.31      0.38        13
         KDA       0.25      0.17      0.20        12
         TIT       1.00      0.25      0.40         4
         DHA       0.61      0.68      0.64        56
         DHE       0.38      0.62      0.48        24
        DHET       0.44      0.44      0.44         9
         DHI       0.60      0.21      0.32        14
        DHIN       0.47      0.53      0.50        17
          RE       0.47      0.28      0.35        25
          TE       0.00      0.00      0.00         2
         TII       0.50      0.33      0.40         6
         TIN       0.67      0.40      0.50         5
         TRA       0.00      0.00      0.00         7

   micro avg       0.60      0.60      0.60       824
   macro avg       0.49      0.39      0.42       824
weighted avg       0.60      0.60      0.59       824

----------------------------------------------------
[[  4   2   0   6   2   0   0   0   1   0   0   0   0   0   0   0   0   0]
 [  1  95   3  41   6   0   1   0   0   5   1   0   1   0   0   1   0   0]
 [  0  15  59   3   4   0   1   0   1   1   0   1   3   0   0   0   1   0]
 [  1  48   3 177   2   0   0   0   0   1   0   0   0   2   0   0   0   0]
 [  3  11   9  19  72   1   2   0  19   0   0   0   1   0   0   0   0   0]
 [  0   1   3   0   1   4   0   0   1   0   0   0   2   0   0   1   0   0]
 [  0   2   0   6   0   0   2   0   0   1   0   0   1   0   0   0   0   0]
 [  0   1   0   2   0   0   0   1   0   0   0   0   0   0   0   0   0   0]
 [  0   2   1   2  10   1   1   0  38   0   0   1   0   0   0   0   0   0]
 [  0   3   0   1   0   0   1   0   0  15   0   0   0   4   0   0   0   0]
 [  0   0   1   0   0   0   0   0   1   3   4   0   0   0   0   0   0   0]
 [  0   1   4   0   0   0   0   0   0   0   4   3   2   0   0   0   0   0]
 [  0   1   4   0   0   2   0   0   1   0   0   0   9   0   0   0   0   0]
 [  0   4   0   1   0   0   0   0   0  13   0   0   0   7   0   0   0   0]
 [  0   0   0   1   0   0   0   0   0   0   0   0   0   1   0   0   0   0]
 [  0   1   1   2   0   0   0   0   0   0   0   0   0   0   0   2   0   0]
 [  0   2   0   0   1   0   0   0   0   0   0   0   0   0   0   0   2   0]
 [  0   1   0   4   1   0   0   0   0   0   0   0   0   1   0   0   0   0]]
