Results for knn--all classifier


----------------------------------------------------
10-fold validation results

Fold no 1: 0.293801 accuracy.
Fold no 2: 0.278976 accuracy.
Fold no 3: 0.301887 accuracy.
Fold no 4: 0.318059 accuracy.
Fold no 5: 0.274933 accuracy.
Fold no 6: 0.290148 accuracy.
Fold no 7: 0.307692 accuracy.
Fold no 8: 0.296896 accuracy.
Fold no 9: 0.294197 accuracy.
Fold no 10: 0.299595 accuracy.
----------------------------------------------------

Classification report

              precision    recall  f1-score   support

          DA       0.00      0.00      0.00        11
          KI       0.24      0.30      0.27       155
          GE       0.30      0.36      0.33       107
          TA       0.42      0.53      0.47       238
          NA       0.25      0.23      0.24       124
         DIN       0.00      0.00      0.00         6
         KDA       0.00      0.00      0.00        10
         TIT       0.00      0.00      0.00         3
         DHA       0.18      0.12      0.15        57
         DHE       0.25      0.12      0.16        26
        DHET       0.00      0.00      0.00         7
         DHI       0.14      0.06      0.08        17
        DHIN       0.00      0.00      0.00        16
          RE       0.09      0.04      0.05        28
          TE       0.00      0.00      0.00         2
         TII       0.00      0.00      0.00         5
         TIN       0.00      0.00      0.00         5
         TRA       0.00      0.00      0.00         7

   micro avg       0.31      0.31      0.31       824
   macro avg       0.10      0.10      0.10       824
weighted avg       0.27      0.31      0.28       824

----------------------------------------------------
[[  0   1   0   8   2   0   0   0   0   0   0   0   0   0   0   0   0   0]
 [  6  47   8  72  11   0   0   0   1   4   0   1   0   5   0   0   0   0]
 [  1  14  39  12  21   2   0   0  14   0   0   2   1   1   0   0   0   0]
 [  4  65  15 127  18   0   0   1   1   3   0   1   0   3   0   0   0   0]
 [  0  25  26  33  28   0   0   0  10   2   0   0   0   0   0   0   0   0]
 [  1   0   0   2   3   0   0   0   0   0   0   0   0   0   0   0   0   0]
 [  0   3   2   3   2   0   0   0   0   0   0   0   0   0   0   0   0   0]
 [  1   1   0   1   0   0   0   0   0   0   0   0   0   0   0   0   0   0]
 [  0   7  20   5  16   0   0   0   7   0   1   1   0   0   0   0   0   0]
 [  1   7   0  14   1   0   0   0   0   3   0   0   0   0   0   0   0   0]
 [  0   2   2   1   2   0   0   0   0   0   0   0   0   0   0   0   0   0]
 [  0   0   7   2   3   0   0   0   4   0   0   1   0   0   0   0   0   0]
 [  0   5   6   0   2   1   0   0   1   0   0   1   0   0   0   0   0   0]
 [  1  10   1  15   0   0   0   0   0   0   0   0   0   1   0   0   0   0]
 [  0   1   0   1   0   0   0   0   0   0   0   0   0   0   0   0   0   0]
 [  0   2   0   3   0   0   0   0   0   0   0   0   0   0   0   0   0   0]
 [  0   1   3   1   0   0   0   0   0   0   0   0   0   0   0   0   0   0]
 [  0   1   0   3   1   1   0   0   0   0   0   0   0   1   0   0   0   0]]
