Results for knn-lowLevel.mfcc classifier


----------------------------------------------------
10-fold validation results

Fold no 1: 0.636119 accuracy.
Fold no 2: 0.630728 accuracy.
Fold no 3: 0.650943 accuracy.
Fold no 4: 0.675202 accuracy.
Fold no 5: 0.633423 accuracy.
Fold no 6: 0.653171 accuracy.
Fold no 7: 0.638327 accuracy.
Fold no 8: 0.636977 accuracy.
Fold no 9: 0.645074 accuracy.
Fold no 10: 0.611336 accuracy.
----------------------------------------------------

Classification report

              precision    recall  f1-score   support

          DA       0.50      0.20      0.29        15
          KI       0.57      0.65      0.61       147
          GE       0.63      0.68      0.65        91
          TA       0.73      0.81      0.77       251
          NA       0.75      0.70      0.73       128
         DIN       0.67      0.50      0.57        12
         KDA       1.00      0.10      0.18        10
         TIT       0.00      0.00      0.00         3
         DHA       0.73      0.69      0.71        59
         DHE       0.57      0.50      0.53        24
        DHET       0.57      0.80      0.67         5
         DHI       0.44      0.24      0.31        17
        DHIN       0.69      0.60      0.64        15
          RE       0.54      0.47      0.50        30
          TE       0.00      0.00      0.00         2
         TII       0.33      0.29      0.31         7
         TIN       0.33      0.33      0.33         3
         TRA       0.00      0.00      0.00         5

   micro avg       0.66      0.66      0.66       824
   macro avg       0.50      0.42      0.43       824
weighted avg       0.66      0.66      0.65       824

----------------------------------------------------
[[  3   2   0   9   1   0   0   0   0   0   0   0   0   0   0   0   0   0]
 [  0  95  14  27   3   0   0   0   1   1   1   0   1   3   0   1   0   0]
 [  0  14  62   4   3   1   0   0   1   0   1   3   1   0   0   1   0   0]
 [  1  32   1 203  11   0   0   2   0   0   0   0   0   1   0   0   0   0]
 [  0   4   4  18  90   1   0   0   9   0   0   0   1   1   0   0   0   0]
 [  0   0   3   0   1   6   0   0   1   0   0   0   0   0   0   0   1   0]
 [  0   3   1   5   0   0   1   0   0   0   0   0   0   0   0   0   0   0]
 [  1   1   0   1   0   0   0   0   0   0   0   0   0   0   0   0   0   0]
 [  0   0   5   3   8   1   0   0  41   0   0   1   0   0   0   0   0   0]
 [  0   4   0   1   0   0   0   0   1  12   0   0   0   6   0   0   0   0]
 [  0   0   0   0   0   0   0   0   1   0   4   0   0   0   0   0   0   0]
 [  0   2   3   2   2   0   0   0   1   0   1   4   1   0   0   1   0   0]
 [  0   0   5   0   0   0   0   0   0   0   0   1   9   0   0   0   0   0]
 [  0   4   0   5   0   0   0   0   0   7   0   0   0  14   0   0   0   0]
 [  0   1   0   0   0   0   0   0   0   1   0   0   0   0   0   0   0   0]
 [  0   2   1   0   1   0   0   0   0   0   0   0   0   0   0   2   1   0]
 [  0   1   0   0   0   0   0   0   0   0   0   0   0   0   0   1   1   0]
 [  1   2   0   1   0   0   0   0   0   0   0   0   0   1   0   0   0   0]]
