Results for knn-htk_mfcc classifier


----------------------------------------------------
10-fold validation results

Fold no 1: 0.652291 accuracy.
Fold no 2: 0.637466 accuracy.
Fold no 3: 0.667116 accuracy.
Fold no 4: 0.648248 accuracy.
Fold no 5: 0.657682 accuracy.
Fold no 6: 0.655870 accuracy.
Fold no 7: 0.619433 accuracy.
Fold no 8: 0.639676 accuracy.
Fold no 9: 0.632928 accuracy.
Fold no 10: 0.639676 accuracy.
----------------------------------------------------

Classification report

              precision    recall  f1-score   support

          DA       0.22      0.20      0.21        10
          KI       0.56      0.53      0.55       145
          GE       0.68      0.71      0.69        99
          TA       0.70      0.85      0.77       248
          NA       0.70      0.58      0.63       137
         DIN       0.33      0.25      0.29         8
         KDA       0.43      0.30      0.35        10
         TIT       0.33      0.50      0.40         2
         DHA       0.72      0.72      0.72        57
         DHE       0.70      0.48      0.57        33
        DHET       0.75      1.00      0.86         6
         DHI       0.20      0.14      0.17         7
        DHIN       0.50      0.67      0.57        15
          RE       0.35      0.36      0.36        22
          TE       0.00      0.00      0.00         1
         TII       1.00      0.50      0.67         6
         TIN       0.80      0.40      0.53        10
         TRA       0.50      0.12      0.20         8

   micro avg       0.65      0.65      0.65       824
   macro avg       0.53      0.46      0.47       824
weighted avg       0.64      0.65      0.64       824

----------------------------------------------------
[[  2   2   0   5   1   0   0   0   0   0   0   0   0   0   0   0   0   0]
 [  2  77  10  44   3   1   1   1   0   1   0   2   1   2   0   0   0   0]
 [  1  10  70   5   6   1   1   0   1   1   0   0   2   1   0   0   0   0]
 [  2  26   1 210   6   0   1   0   0   1   0   0   0   0   0   0   0   1]
 [  1  10   8  20  79   0   0   0  14   1   0   1   2   0   0   0   1   0]
 [  0   0   2   0   2   2   0   0   0   0   0   0   2   0   0   0   0   0]
 [  0   2   1   3   0   0   3   0   1   0   0   0   0   0   0   0   0   0]
 [  0   0   0   1   0   0   0   1   0   0   0   0   0   0   0   0   0   0]
 [  0   0   3   0  11   0   0   1  41   0   1   0   0   0   0   0   0   0]
 [  0   2   1   1   1   0   0   0   0  16   0   0   0  12   0   0   0   0]
 [  0   0   0   0   0   0   0   0   0   0   6   0   0   0   0   0   0   0]
 [  0   0   1   1   1   0   0   0   0   0   0   1   3   0   0   0   0   0]
 [  0   0   3   0   0   0   1   0   0   0   0   1  10   0   0   0   0   0]
 [  1   5   1   3   1   0   0   0   0   3   0   0   0   8   0   0   0   0]
 [  0   0   0   1   0   0   0   0   0   0   0   0   0   0   0   0   0   0]
 [  0   1   1   0   1   0   0   0   0   0   0   0   0   0   0   3   0   0]
 [  0   1   1   1   1   2   0   0   0   0   0   0   0   0   0   0   4   0]
 [  0   1   0   5   0   0   0   0   0   0   1   0   0   0   0   0   0   1]]
