Results for svn--not-lowLevel.mfcc classifier


----------------------------------------------------
10-fold validation results

Fold no 1: 0.347709 accuracy.
Fold no 2: 0.332884 accuracy.
Fold no 3: 0.359838 accuracy.
Fold no 4: 0.358491 accuracy.
Fold no 5: 0.331536 accuracy.
Fold no 6: 0.337382 accuracy.
Fold no 7: 0.325236 accuracy.
Fold no 8: 0.353576 accuracy.
Fold no 9: 0.344130 accuracy.
Fold no 10: 0.304993 accuracy.
----------------------------------------------------

Classification report

              precision    recall  f1-score   support

          DA       0.00      0.00      0.00        19
          KI       1.00      0.01      0.01       143
          GE       0.32      0.26      0.29        88
          TA       0.36      0.95      0.52       239
          NA       0.28      0.24      0.26       136
         DIN       0.00      0.00      0.00        13
         KDA       0.00      0.00      0.00         9
         TIT       0.00      0.00      0.00         1
         DHA       0.00      0.00      0.00        54
         DHE       0.00      0.00      0.00        31
        DHET       0.00      0.00      0.00         5
         DHI       0.00      0.00      0.00        14
        DHIN       0.00      0.00      0.00         9
          RE       0.00      0.00      0.00        34
         TII       0.00      0.00      0.00        10
         TIN       0.00      0.00      0.00        10
         TRA       0.00      0.00      0.00         9

   micro avg       0.35      0.35      0.35       824
   macro avg       0.12      0.09      0.06       824
weighted avg       0.36      0.35      0.23       824

----------------------------------------------------
[[  0   0   1  18   0   0   0   0   0   0   0   0   0   0   0   0   0]
 [  0   1   3 133   6   0   0   0   0   0   0   0   0   0   0   0   0]
 [  0   0  23  36  29   0   0   0   0   0   0   0   0   0   0   0   0]
 [  0   0   2 228   9   0   0   0   0   0   0   0   0   0   0   0   0]
 [  0   0  13  90  33   0   0   0   0   0   0   0   0   0   0   0   0]
 [  0   0   2   6   5   0   0   0   0   0   0   0   0   0   0   0   0]
 [  0   0   0   7   2   0   0   0   0   0   0   0   0   0   0   0   0]
 [  0   0   0   1   0   0   0   0   0   0   0   0   0   0   0   0   0]
 [  0   0  19  21  14   0   0   0   0   0   0   0   0   0   0   0   0]
 [  0   0   0  29   2   0   0   0   0   0   0   0   0   0   0   0   0]
 [  0   0   1   1   3   0   0   0   0   0   0   0   0   0   0   0   0]
 [  0   0   2   5   7   0   0   0   0   0   0   0   0   0   0   0   0]
 [  0   0   4   1   4   0   0   0   0   0   0   0   0   0   0   0   0]
 [  0   0   0  34   0   0   0   0   0   0   0   0   0   0   0   0   0]
 [  0   0   0   8   2   0   0   0   0   0   0   0   0   0   0   0   0]
 [  0   0   2   5   3   0   0   0   0   0   0   0   0   0   0   0   0]
 [  0   0   0   8   1   0   0   0   0   0   0   0   0   0   0   0   0]]
