Results for svm--lowLevel.mfcc classifier


----------------------------------------------------
10-fold validation results

Fold no 1: 0.500000 accuracy.
Fold no 2: 0.489218 accuracy.
Fold no 3: 0.489218 accuracy.
Fold no 4: 0.529650 accuracy.
Fold no 5: 0.475741 accuracy.
Fold no 6: 0.469636 accuracy.
Fold no 7: 0.516869 accuracy.
Fold no 8: 0.495277 accuracy.
Fold no 9: 0.480432 accuracy.
Fold no 10: 0.483131 accuracy.
----------------------------------------------------

Classification report

              precision    recall  f1-score   support

          DA       0.00      0.00      0.00        11
          KI       0.26      0.10      0.15       174
          GE       0.55      0.73      0.63       101
          TA       0.43      0.88      0.57       216
          NA       0.67      0.54      0.60       126
         DIN       0.00      0.00      0.00        16
         KDA       0.00      0.00      0.00        10
         TIT       0.00      0.00      0.00         6
         DHA       0.69      0.74      0.71        57
         DHE       0.60      0.21      0.32        28
        DHET       0.00      0.00      0.00         6
         DHI       0.00      0.00      0.00        10
        DHIN       0.00      0.00      0.00        14
          RE       0.00      0.00      0.00        24
          TE       0.00      0.00      0.00         1
         TII       0.00      0.00      0.00        12
         TIN       0.00      0.00      0.00         6
         TRA       0.00      0.00      0.00         6

   micro avg       0.48      0.48      0.48       824
   macro avg       0.18      0.18      0.17       824
weighted avg       0.41      0.48      0.41       824

----------------------------------------------------
[[  0   0   1   8   1   0   0   0   1   0   0   0   0   0   0   0   0   0]
 [  0  18   8 141   6   0   0   0   0   1   0   0   0   0   0   0   0   0]
 [  0   4  74  15   5   0   0   0   3   0   0   0   0   0   0   0   0   0]
 [  0   7   8 191  10   0   0   0   0   0   0   0   0   0   0   0   0   0]
 [  0   3   9  35  68   0   0   0  10   1   0   0   0   0   0   0   0   0]
 [  0   1   6   3   3   0   0   0   3   0   0   0   0   0   0   0   0   0]
 [  0   2   3   5   0   0   0   0   0   0   0   0   0   0   0   0   0   0]
 [  0   0   0   6   0   0   0   0   0   0   0   0   0   0   0   0   0   0]
 [  0   1   2   3   9   0   0   0  42   0   0   0   0   0   0   0   0   0]
 [  0  12   1   8   0   0   0   0   1   6   0   0   0   0   0   0   0   0]
 [  0   2   1   3   0   0   0   0   0   0   0   0   0   0   0   0   0   0]
 [  0   1   6   3   0   0   0   0   0   0   0   0   0   0   0   0   0   0]
 [  0   0  13   0   0   0   0   0   1   0   0   0   0   0   0   0   0   0]
 [  0  16   0   6   0   0   0   0   0   2   0   0   0   0   0   0   0   0]
 [  0   1   0   0   0   0   0   0   0   0   0   0   0   0   0   0   0   0]
 [  0   0   1  11   0   0   0   0   0   0   0   0   0   0   0   0   0   0]
 [  0   0   1   5   0   0   0   0   0   0   0   0   0   0   0   0   0   0]
 [  0   0   0   6   0   0   0   0   0   0   0   0   0   0   0   0   0   0]]
