Results for svm--htk_mfcc classifier


----------------------------------------------------
10-fold validation results

Fold no 1: 0.704852 accuracy.
Fold no 2: 0.694070 accuracy.
Fold no 3: 0.715633 accuracy.
Fold no 4: 0.712938 accuracy.
Fold no 5: 0.750674 accuracy.
Fold no 6: 0.719298 accuracy.
Fold no 7: 0.676113 accuracy.
Fold no 8: 0.700405 accuracy.
Fold no 9: 0.703104 accuracy.
Fold no 10: 0.736842 accuracy.
----------------------------------------------------

Classification report

              precision    recall  f1-score   support

          DA       0.00      0.00      0.00        12
          KI       0.60      0.71      0.65       143
          GE       0.67      0.75      0.71        93
          TA       0.69      0.85      0.76       234
          NA       0.81      0.71      0.76       153
         DIN       0.60      0.23      0.33        13
         KDA       1.00      0.11      0.20         9
         TIT       1.00      0.20      0.33         5
         DHA       0.79      0.72      0.76        58
         DHE       0.62      0.80      0.70        20
        DHET       0.80      0.57      0.67         7
         DHI       0.44      0.50      0.47         8
        DHIN       1.00      0.38      0.55        16
          RE       0.64      0.31      0.42        29
          TE       0.00      0.00      0.00         2
         TII       0.67      0.33      0.44         6
         TIN       0.83      0.62      0.71         8
         TRA       0.00      0.00      0.00         8

   micro avg       0.70      0.70      0.70       824
   macro avg       0.62      0.43      0.47       824
weighted avg       0.69      0.70      0.68       824

----------------------------------------------------
[[  0   3   0   8   0   0   0   0   0   0   0   0   0   1   0   0   0   0]
 [  0 101  14  21   2   0   0   0   0   2   0   1   0   1   0   1   0   0]
 [  0  15  70   3   1   1   0   0   1   2   0   0   0   0   0   0   0   0]
 [  0  22   2 200   6   0   0   0   0   2   0   0   0   2   0   0   0   0]
 [  0   4   6  27 109   0   0   0   6   0   0   1   0   0   0   0   0   0]
 [  0   1   2   0   3   3   0   0   2   0   0   1   0   0   0   0   1   0]
 [  0   3   0   4   1   0   1   0   0   0   0   0   0   0   0   0   0   0]
 [  0   1   0   3   0   0   0   1   0   0   0   0   0   0   0   0   0   0]
 [  0   0   2   3  11   0   0   0  42   0   0   0   0   0   0   0   0   0]
 [  0   2   0   1   0   0   0   0   0  16   0   0   0   1   0   0   0   0]
 [  0   0   0   1   0   0   0   0   1   0   4   1   0   0   0   0   0   0]
 [  0   0   1   0   1   0   0   0   1   0   1   4   0   0   0   0   0   0]
 [  0   1   7   0   0   1   0   0   0   0   0   1   6   0   0   0   0   0]
 [  0   6   0  10   0   0   0   0   0   4   0   0   0   9   0   0   0   0]
 [  0   1   0   1   0   0   0   0   0   0   0   0   0   0   0   0   0   0]
 [  0   3   0   1   0   0   0   0   0   0   0   0   0   0   0   2   0   0]
 [  0   3   0   0   0   0   0   0   0   0   0   0   0   0   0   0   5   0]
 [  0   2   0   6   0   0   0   0   0   0   0   0   0   0   0   0   0   0]]
