Results for tree--not-lowLevel.mfcc classifier


----------------------------------------------------
10-fold validation results

Fold no 1: 0.556604 accuracy.
Fold no 2: 0.526954 accuracy.
Fold no 3: 0.532345 accuracy.
Fold no 4: 0.547170 accuracy.
Fold no 5: 0.533693 accuracy.
Fold no 6: 0.535762 accuracy.
Fold no 7: 0.529015 accuracy.
Fold no 8: 0.508772 accuracy.
Fold no 9: 0.534413 accuracy.
Fold no 10: 0.550607 accuracy.
----------------------------------------------------

Classification report

              precision    recall  f1-score   support

          DA       0.10      0.17      0.12        12
          KI       0.54      0.49      0.51       146
          GE       0.49      0.62      0.55        76
          TA       0.64      0.60      0.62       245
          NA       0.55      0.57      0.56       135
         DIN       0.25      0.12      0.16        17
         KDA       0.00      0.00      0.00         8
         TIT       0.17      1.00      0.29         1
         DHA       0.65      0.59      0.62        59
         DHE       0.54      0.52      0.53        27
        DHET       0.38      0.27      0.32        11
         DHI       0.47      0.44      0.46        18
        DHIN       0.53      0.53      0.53        19
          RE       0.35      0.38      0.36        24
          TE       0.00      0.00      0.00         1
         TII       0.18      0.29      0.22         7
         TIN       0.20      0.40      0.27         5
         TRA       0.09      0.08      0.08        13

   micro avg       0.52      0.52      0.52       824
   macro avg       0.34      0.39      0.34       824
weighted avg       0.53      0.52      0.53       824

----------------------------------------------------
[[  2   4   1   3   2   0   0   0   0   0   0   0   0   0   0   0   0   0]
 [  3  71  18  29   5   0   0   0   2   4   0   2   1   6   0   3   2   0]
 [  0   6  47   9   3   1   1   0   2   0   0   3   1   0   0   2   0   1]
 [  8  32   5 147  25   1   2   5   1   3   2   1   2   4   0   2   2   3]
 [  3   4  11  18  77   1   2   0  10   0   0   0   0   2   0   1   2   4]
 [  0   0   0   2   6   2   1   0   2   0   0   0   2   1   0   0   1   0]
 [  2   3   1   2   0   0   0   0   0   0   0   0   0   0   0   0   0   0]
 [  0   0   0   0   0   0   0   1   0   0   0   0   0   0   0   0   0   0]
 [  1   0   3   2  16   0   0   0  35   0   1   1   0   0   0   0   0   0]
 [  0   3   0   2   1   0   2   0   1  14   1   1   0   2   0   0   0   0]
 [  0   0   0   1   1   1   1   0   0   1   3   1   0   0   0   0   0   2]
 [  1   1   2   0   1   0   0   0   0   0   1   8   3   0   0   0   1   0]
 [  0   1   5   0   1   1   0   0   1   0   0   0  10   0   0   0   0   0]
 [  0   4   1   5   0   0   1   0   0   4   0   0   0   9   0   0   0   0]
 [  0   0   0   1   0   0   0   0   0   0   0   0   0   0   0   0   0   0]
 [  0   2   1   0   1   0   0   0   0   0   0   0   0   1   0   2   0   0]
 [  0   0   0   1   0   1   0   0   0   0   0   0   0   0   0   1   2   0]
 [  0   1   1   8   1   0   0   0   0   0   0   0   0   1   0   0   0   1]]
