Results for tree--lowLevel.mfcc classifier


----------------------------------------------------
10-fold validation results

Fold no 1: 0.443396 accuracy.
Fold no 2: 0.416442 accuracy.
Fold no 3: 0.425876 accuracy.
Fold no 4: 0.460916 accuracy.
Fold no 5: 0.471698 accuracy.
Fold no 6: 0.449393 accuracy.
Fold no 7: 0.415655 accuracy.
Fold no 8: 0.439946 accuracy.
Fold no 9: 0.438596 accuracy.
Fold no 10: 0.493927 accuracy.
----------------------------------------------------

Classification report

              precision    recall  f1-score   support

          DA       0.07      0.07      0.07        15
          KI       0.41      0.43      0.42       146
          GE       0.45      0.46      0.46        84
          TA       0.61      0.58      0.59       250
          NA       0.45      0.50      0.48       115
         DIN       0.06      0.17      0.09         6
         KDA       0.09      0.10      0.10        10
         TIT       0.33      0.40      0.36         5
         DHA       0.61      0.38      0.47        80
         DHE       0.38      0.44      0.41        27
        DHET       0.50      0.67      0.57         6
         DHI       0.20      0.11      0.14        19
        DHIN       0.29      0.54      0.38        13
          RE       0.38      0.46      0.42        24
          TE       0.00      0.00      0.00         4
         TII       0.00      0.00      0.00         8
         TIN       0.17      0.33      0.22         3
         TRA       0.00      0.00      0.00         9

   micro avg       0.46      0.46      0.46       824
   macro avg       0.28      0.31      0.29       824
weighted avg       0.47      0.46      0.46       824

----------------------------------------------------
[[  1   3   1   8   0   0   0   0   1   0   0   0   0   0   0   1   0   0]
 [  3  63  13  36  10   1   2   1   1   3   0   2   1   7   0   1   1   1]
 [  0   4  39  10  14   3   2   0   1   1   2   1   6   0   0   0   1   0]
 [  6  51  11 145  20   1   2   2   2   3   1   0   0   3   0   0   1   2]
 [  2  14   3  17  58   0   2   1  11   1   1   1   1   1   1   0   1   0]
 [  0   1   0   0   0   1   0   0   0   2   0   1   1   0   0   0   0   0]
 [  0   3   0   3   2   0   1   0   0   0   0   0   0   0   0   1   0   0]
 [  0   0   0   0   2   0   0   2   1   0   0   0   0   0   0   0   0   0]
 [  2   1  10   7  15   8   0   0  30   0   0   1   4   0   0   1   0   1]
 [  0   4   4   0   0   0   0   0   1  12   0   1   0   5   0   0   0   0]
 [  0   2   0   0   0   0   0   0   0   0   4   0   0   0   0   0   0   0]
 [  0   1   3   2   2   1   1   0   1   2   0   2   4   0   0   0   0   0]
 [  0   0   1   0   2   1   0   0   0   0   0   1   7   0   0   1   0   0]
 [  0   2   0   2   2   0   0   0   0   7   0   0   0  11   0   0   0   0]
 [  0   0   0   2   0   0   0   0   0   0   0   0   0   2   0   0   0   0]
 [  0   2   1   4   0   0   0   0   0   0   0   0   0   0   0   0   1   0]
 [  0   0   0   1   0   0   0   0   0   0   0   0   0   0   0   0   1   1]
 [  0   2   1   2   1   0   1   0   0   1   0   0   0   0   0   1   0   0]]
