Results for tree--htk_mfcc classifier


----------------------------------------------------
10-fold validation results

Fold no 1: 0.474394 accuracy.
Fold no 2: 0.504043 accuracy.
Fold no 3: 0.518868 accuracy.
Fold no 4: 0.504043 accuracy.
Fold no 5: 0.498652 accuracy.
Fold no 6: 0.511471 accuracy.
Fold no 7: 0.485830 accuracy.
Fold no 8: 0.496626 accuracy.
Fold no 9: 0.515520 accuracy.
Fold no 10: 0.487179 accuracy.
----------------------------------------------------

Classification report

              precision    recall  f1-score   support

          DA       0.18      0.17      0.17        12
          KI       0.51      0.43      0.47       152
          GE       0.44      0.51      0.47        90
          TA       0.60      0.61      0.60       230
          NA       0.50      0.53      0.52       130
         DIN       0.08      0.09      0.08        11
         KDA       0.00      0.00      0.00         3
         TIT       0.50      0.50      0.50         2
         DHA       0.54      0.53      0.54        72
         DHE       0.35      0.35      0.35        34
        DHET       0.20      0.08      0.12        12
         DHI       0.08      0.06      0.07        17
        DHIN       0.44      0.44      0.44        16
          RE       0.32      0.32      0.32        22
          TE       0.00      0.00      0.00         2
         TII       0.00      0.00      0.00         6
         TIN       0.00      0.00      0.00         5
         TRA       0.00      0.00      0.00         8

   micro avg       0.47      0.47      0.47       824
   macro avg       0.26      0.26      0.26       824
weighted avg       0.48      0.47      0.47       824

----------------------------------------------------
[[  2   0   1   4   4   0   0   0   1   0   0   0   0   0   0   0   0   0]
 [  1  65  23  44   7   0   2   0   1   3   1   1   0   0   0   0   1   3]
 [  2  11  46   8   6   2   2   0   2   5   1   1   3   0   0   1   0   0]
 [  5  30   8 140  19   0   5   1   4   1   0   1   1   5   0   1   1   8]
 [  1   8   5  20  69   4   1   0  16   1   0   1   2   1   0   0   0   1]
 [  0   1   1   0   4   1   0   0   2   0   0   0   1   1   0   0   0   0]
 [  0   2   0   1   0   0   0   0   0   0   0   0   0   0   0   0   0   0]
 [  0   0   0   0   1   0   0   1   0   0   0   0   0   0   0   0   0   0]
 [  0   1   5   3  17   3   0   0  38   0   0   2   2   0   0   0   0   1]
 [  0   3   3   5   2   0   1   0   1  12   0   1   0   6   0   0   0   0]
 [  0   1   0   1   1   2   0   0   4   0   1   2   0   0   0   0   0   0]
 [  0   3   3   1   1   0   0   0   0   5   2   1   0   1   0   0   0   0]
 [  0   1   5   0   1   0   0   0   1   0   0   1   7   0   0   0   0   0]
 [  0   0   2   1   1   0   1   0   0   7   0   2   0   7   0   1   0   0]
 [  0   0   1   1   0   0   0   0   0   0   0   0   0   0   0   0   0   0]
 [  0   0   1   2   1   0   0   0   0   0   0   0   0   0   0   0   2   0]
 [  0   0   0   3   0   1   0   0   0   0   0   0   0   0   0   1   0   0]
 [  0   1   0   1   3   0   0   0   0   0   0   0   0   1   1   1   0   0]]
