Results for tree--all classifier


----------------------------------------------------
10-fold validation results

Fold no 1: 0.521563 accuracy.
Fold no 2: 0.526954 accuracy.
Fold no 3: 0.508086 accuracy.
Fold no 4: 0.544474 accuracy.
Fold no 5: 0.520216 accuracy.
Fold no 6: 0.518219 accuracy.
Fold no 7: 0.554656 accuracy.
Fold no 8: 0.551957 accuracy.
Fold no 9: 0.479082 accuracy.
Fold no 10: 0.520918 accuracy.
----------------------------------------------------

Classification report

              precision    recall  f1-score   support

          DA       0.00      0.00      0.00        12
          KI       0.53      0.56      0.54       147
          GE       0.61      0.57      0.59        96
          TA       0.65      0.64      0.65       235
          NA       0.54      0.59      0.57       136
         DIN       0.40      0.24      0.30        17
         KDA       0.00      0.00      0.00        12
         TIT       0.00      0.00      0.00         4
         DHA       0.57      0.61      0.59        54
         DHE       0.62      0.53      0.57        34
        DHET       0.50      0.36      0.42        11
         DHI       0.45      0.36      0.40        14
        DHIN       0.30      0.27      0.29        11
          RE       0.39      0.45      0.42        20
          TE       0.00      0.00      0.00         3
         TII       0.00      0.00      0.00         4
         TIN       0.25      0.33      0.29         6
         TRA       0.00      0.00      0.00         8

   micro avg       0.54      0.54      0.54       824
   macro avg       0.32      0.31      0.31       824
weighted avg       0.54      0.54      0.54       824

----------------------------------------------------
[[  0   1   1   6   3   0   0   0   0   0   0   0   0   0   0   1   0   0]
 [  4  83   8  26   7   1   2   0   3   1   0   0   1   4   1   2   2   2]
 [  0  13  55  10   7   0   0   0   4   3   0   0   2   1   1   0   0   0]
 [  6  33  10 151  20   0   1   2   2   1   0   1   0   2   0   1   1   4]
 [  1  14   5  14  80   2   0   0  11   0   1   2   0   1   0   2   1   2]
 [  0   1   1   2   6   4   0   0   2   0   1   0   0   0   0   0   0   0]
 [  1   2   0   6   2   0   0   0   0   0   0   0   1   0   0   0   0   0]
 [  0   1   0   3   0   0   0   0   0   0   0   0   0   0   0   0   0   0]
 [  1   0   1   0  15   0   0   0  33   0   1   0   2   0   0   0   1   0]
 [  0   3   1   2   0   0   1   0   1  18   0   1   0   6   0   1   0   0]
 [  0   0   1   1   1   1   1   0   1   0   4   0   0   0   0   0   0   1]
 [  0   0   3   1   2   0   1   0   0   0   1   5   1   0   0   0   0   0]
 [  0   0   2   0   2   1   0   0   1   0   0   2   3   0   0   0   0   0]
 [  0   2   0   3   1   0   0   0   0   4   0   0   0   9   0   0   1   0]
 [  0   2   0   1   0   0   0   0   0   0   0   0   0   0   0   0   0   0]
 [  0   1   1   0   1   0   0   0   0   0   0   0   0   0   0   0   0   1]
 [  0   1   1   1   0   1   0   0   0   0   0   0   0   0   0   0   2   0]
 [  0   1   0   4   0   0   1   0   0   2   0   0   0   0   0   0   0   0]]
